0	0.0616	0.123	0.183	0.242	0.3	0.356	0.41	0.461	0.51	0.555	0.597	0.635	0.669	0.699	0.725	0.746	0.763	0.775	0.782	0.785	0.782	0.775	0.763	0.746	0.725	0.699	0.669	0.635	0.597	0.555	0.51	0.461	0.41	0.356	0.3	0.242	0.183	0.123	0.0616	9.61e-17
0	0.0614	0.122	0.183	0.242	0.299	0.355	0.409	0.46	0.508	0.553	0.595	0.633	0.667	0.697	0.723	0.744	0.761	0.773	0.78	0.782	0.78	0.773	0.761	0.744	0.723	0.697	0.667	0.633	0.595	0.553	0.508	0.46	0.409	0.355	0.299	0.242	0.183	0.122	0.0614	9.58e-17
0	0.0608	0.121	0.181	0.239	0.297	0.352	0.405	0.455	0.503	0.548	0.589	0.627	0.661	0.69	0.716	0.737	0.754	0.765	0.773	0.775	0.773	0.765	0.754	0.737	0.716	0.69	0.661	0.627	0.589	0.548	0.503	0.455	0.405	0.352	0.297	0.239	0.181	0.121	0.0608	9.49e-17
0	0.0599	0.119	0.178	0.236	0.292	0.346	0.399	0.448	0.495	0.539	0.58	0.617	0.65	0.68	0.705	0.726	0.742	0.754	0.761	0.763	0.761	0.754	0.742	0.726	0.705	0.68	0.65	0.617	0.58	0.539	0.495	0.448	0.399	0.346	0.292	0.236	0.178	0.119	0.0599	9.34e-17
0	0.0585	0.117	0.174	0.231	0.286	0.339	0.39	0.439	0.485	0.528	0.567	0.604	0.636	0.665	0.689	0.71	0.726	0.737	0.744	0.746	0.744	0.737	0.726	0.71	0.689	0.665	0.636	0.604	0.567	0.528	0.485	0.439	0.39	0.339	0.286	0.231	0.174	0.117	0.0585	9.14e-17
0	0.0569	0.113	0.169	0.224	0.277	0.329	0.379	0.426	0.471	0.513	0.551	0.586	0.618	0.646	0.67	0.689	0.705	0.716	0.723	0.725	0.723	0.716	0.705	0.689	0.67	0.646	0.618	0.586	0.551	0.513	0.471	0.426	0.379	0.329	0.277	0.224	0.169	0.113	0.0569	8.88e-17
0	0.0548	0.109	0.163	0.216	0.268	0.317	0.365	0.411	0.454	0.494	0.532	0.566	0.596	0.623	0.646	0.665	0.68	0.69	0.697	0.699	0.697	0.69	0.68	0.665	0.646	0.623	0.596	0.566	0.532	0.494	0.454	0.411	0.365	0.317	0.268	0.216	0.163	0.109	0.0548	8.56e-17
0	0.0525	0.105	0.156	0.207	0.256	0.304	0.35	0.393	0.434	0.473	0.509	0.541	0.57	0.596	0.618	0.636	0.65	0.661	0.667	0.669	0.667	0.661	0.65	0.636	0.618	0.596	0.57	0.541	0.509	0.473	0.434	0.393	0.35	0.304	0.256	0.207	0.156	0.105	0.0525	8.19e-17
0	0.0498	0.0993	0.148	0.196	0.243	0.288	0.332	0.373	0.412	0.449	0.483	0.514	0.541	0.566	0.586	0.604	0.617	0.627	0.633	0.635	0.633	0.627	0.617	0.604	0.586	0.566	0.541	0.514	0.483	0.449	0.412	0.373	0.332	0.288	0.243	0.196	0.148	0.0993	0.0498	7.77e-17
0	0.0468	0.0933	0.139	0.184	0.228	0.271	0.312	0.351	0.387	0.422	0.454	0.483	0.509	0.532	0.551	0.567	0.58	0.589	0.595	0.597	0.595	0.589	0.58	0.567	0.551	0.532	0.509	0.483	0.454	0.422	0.387	0.351	0.312	0.271	0.228	0.184	0.139	0.0933	0.0468	7.31e-17
0	0.0435	0.0868	0.13	0.171	0.212	0.252	0.29	0.326	0.36	0.392	0.422	0.449	0.473	0.494	0.513	0.528	0.539	0.548	0.553	0.555	0.553	0.548	0.539	0.528	0.513	0.494	0.473	0.449	0.422	0.392	0.36	0.326	0.29	0.252	0.212	0.171	0.13	0.0868	0.0435	6.79e-17
0	0.04	0.0797	0.119	0.157	0.195	0.231	0.266	0.3	0.331	0.36	0.387	0.412	0.434	0.454	0.471	0.485	0.495	0.503	0.508	0.51	0.508	0.503	0.495	0.485	0.471	0.454	0.434	0.412	0.387	0.36	0.331	0.3	0.266	0.231	0.195	0.157	0.119	0.0797	0.04	6.24e-17
0	0.0362	0.0721	0.108	0.143	0.176	0.209	0.241	0.271	0.3	0.326	0.351	0.373	0.393	0.411	0.426	0.439	0.448	0.455	0.46	0.461	0.46	0.455	0.448	0.439	0.426	0.411	0.393	0.373	0.351	0.326	0.3	0.271	0.241	0.209	0.176	0.143	0.108	0.0721	0.0362	5.65e-17
0	0.0322	0.0641	0.0957	0.127	0.157	0.186	0.214	0.241	0.266	0.29	0.312	0.332	0.35	0.365	0.379	0.39	0.399	0.405	0.409	0.41	0.409	0.405	0.399	0.39	0.379	0.365	0.35	0.332	0.312	0.29	0.266	0.241	0.214	0.186	0.157	0.127	0.0957	0.0641	0.0322	5.02e-17
0	0.0279	0.0557	0.0832	0.11	0.136	0.162	0.186	0.209	0.231	0.252	0.271	0.288	0.304	0.317	0.329	0.339	0.346	0.352	0.355	0.356	0.355	0.352	0.346	0.339	0.329	0.317	0.304	0.288	0.271	0.252	0.231	0.209	0.186	0.162	0.136	0.11	0.0832	0.0557	0.0279	4.36e-17
0	0.0236	0.047	0.0701	0.0928	0.115	0.136	0.157	0.176	0.195	0.212	0.228	0.243	0.256	0.268	0.277	0.286	0.292	0.297	0.299	0.3	0.299	0.297	0.292	0.286	0.277	0.268	0.256	0.243	0.228	0.212	0.195	0.176	0.157	0.136	0.115	0.0928	0.0701	0.047	0.0236	3.68e-17
0	0.019	0.0379	0.0566	0.0749	0.0928	0.11	0.127	0.143	0.157	0.171	0.184	0.196	0.207	0.216	0.224	0.231	0.236	0.239	0.242	0.242	0.242	0.239	0.236	0.231	0.224	0.216	0.207	0.196	0.184	0.171	0.157	0.143	0.127	0.11	0.0928	0.0749	0.0566	0.0379	0.019	2.97e-17
0	0.0144	0.0287	0.0428	0.0566	0.0701	0.0832	0.0957	0.108	0.119	0.13	0.139	0.148	0.156	0.163	0.169	0.174	0.178	0.181	0.183	0.183	0.183	0.181	0.178	0.174	0.169	0.163	0.156	0.148	0.139	0.13	0.119	0.108	0.0957	0.0832	0.0701	0.0566	0.0428	0.0287	0.0144	2.24e-17
0	0.00963	0.0192	0.0287	0.0379	0.047	0.0557	0.0641	0.0721	0.0797	0.0868	0.0933	0.0993	0.105	0.109	0.113	0.117	0.119	0.121	0.122	0.123	0.122	0.121	0.119	0.117	0.113	0.109	0.105	0.0993	0.0933	0.0868	0.0797	0.0721	0.0641	0.0557	0.047	0.0379	0.0287	0.0192	0.00963	1.5e-17
0	0.00483	0.00963	0.0144	0.019	0.0236	0.0279	0.0322	0.0362	0.04	0.0435	0.0468	0.0498	0.0525	0.0548	0.0569	0.0585	0.0599	0.0608	0.0614	0.0616	0.0614	0.0608	0.0599	0.0585	0.0569	0.0548	0.0525	0.0498	0.0468	0.0435	0.04	0.0362	0.0322	0.0279	0.0236	0.019	0.0144	0.00963	0.00483	7.54e-18
0	0	0	0	0	0	0	0	0	0	0	0	0	0	0	0	0	0	0	0	0	0	0	0	0	0	0	0	0	0	0	0	0	0	0	0	0	0	0	0	0
0	-0.00483	-0.00963	-0.0144	-0.019	-0.0236	-0.0279	-0.0322	-0.0362	-0.04	-0.0435	-0.0468	-0.0498	-0.0525	-0.0548	-0.0569	-0.0585	-0.0599	-0.0608	-0.0614	-0.0616	-0.0614	-0.0608	-0.0599	-0.0585	-0.0569	-0.0548	-0.0525	-0.0498	-0.0468	-0.0435	-0.04	-0.0362	-0.0322	-0.0279	-0.0236	-0.019	-0.0144	-0.00963	-0.00483	-7.54e-18
0	-0.00963	-0.0192	-0.0287	-0.0379	-0.047	-0.0557	-0.0641	-0.0721	-0.0797	-0.0868	-0.0933	-0.0993	-0.105	-0.109	-0.113	-0.117	-0.119	-0.121	-0.122	-0.123	-0.122	-0.121	-0.119	-0.117	-0.113	-0.109	-0.105	-0.0993	-0.0933	-0.0868	-0.0797	-0.0721	-0.0641	-0.0557	-0.047	-0.0379	-0.0287	-0.0192	-0.00963	-1.5e-17
0	-0.0144	-0.0287	-0.0428	-0.0566	-0.0701	-0.0832	-0.0957	-0.108	-0.119	-0.13	-0.139	-0.148	-0.156	-0.163	-0.169	-0.174	-0.178	-0.181	-0.183	-0.183	-0.183	-0.181	-0.178	-0.174	-0.169	-0.163	-0.156	-0.148	-0.139	-0.13	-0.119	-0.108	-0.0957	-0.0832	-0.0701	-0.0566	-0.0428	-0.0287	-0.0144	-2.24e-17
0	-0.019	-0.0379	-0.0566	-0.0749	-0.0928	-0.11	-0.127	-0.143	-0.157	-0.171	-0.184	-0.196	-0.207	-0.216	-0.224	-0.231	-0.236	-0.239	-0.242	-0.242	-0.242	-0.239	-0.236	-0.231	-0.224	-0.216	-0.207	-0.196	-0.184	-0.171	-0.157	-0.143	-0.127	-0.11	-0.0928	-0.0749	-0.0566	-0.0379	-0.019	-2.97e-17
0	-0.0236	-0.047	-0.0701	-0.0928	-0.115	-0.136	-0.157	-0.176	-0.195	-0.212	-0.228	-0.243	-0.256	-0.268	-0.277	-0.286	-0.292	-0.297	-0.299	-0.3	-0.299	-0.297	-0.292	-0.286	-0.277	-0.268	-0.256	-0.243	-0.228	-0.212	-0.195	-0.176	-0.157	-0.136	-0.115	-0.0928	-0.0701	-0.047	-0.0236	-3.68e-17
0	-0.0279	-0.0557	-0.0832	-0.11	-0.136	-0.162	-0.186	-0.209	-0.231	-0.252	-0.271	-0.288	-0.304	-0.317	-0.329	-0.339	-0.346	-0.352	-0.355	-0.356	-0.355	-0.352	-0.346	-0.339	-0.329	-0.317	-0.304	-0.288	-0.271	-0.252	-0.231	-0.209	-0.186	-0.162	-0.136	-0.11	-0.0832	-0.0557	-0.0279	-4.36e-17
0	-0.0322	-0.0641	-0.0957	-0.127	-0.157	-0.186	-0.214	-0.241	-0.266	-0.29	-0.312	-0.332	-0.35	-0.365	-0.379	-0.39	-0.399	-0.405	-0.409	-0.41	-0.409	-0.405	-0.399	-0.39	-0.379	-0.365	-0.35	-0.332	-0.312	-0.29	-0.266	-0.241	-0.214	-0.186	-0.157	-0.127	-0.0957	-0.0641	-0.0322	-5.02e-17
0	-0.0362	-0.0721	-0.108	-0.143	-0.176	-0.209	-0.241	-0.271	-0.3	-0.326	-0.351	-0.373	-0.393	-0.411	-0.426	-0.439	-0.448	-0.455	-0.46	-0.461	-0.46	-0.455	-0.448	-0.439	-0.426	-0.411	-0.393	-0.373	-0.351	-0.326	-0.3	-0.271	-0.241	-0.209	-0.176	-0.143	-0.108	-0.0721	-0.0362	-5.65e-17
0	-0.04	-0.0797	-0.119	-0.157	-0.195	-0.231	-0.266	-0.3	-0.331	-0.36	-0.387	-0.412	-0.434	-0.454	-0.471	-0.485	-0.495	-0.503	-0.508	-0.51	-0.508	-0.503	-0.495	-0.485	-0.471	-0.454	-0.434	-0.412	-0.387	-0.36	-0.331	-0.3	-0.266	-0.231	-0.195	-0.157	-0.119	-0.0797	-0.04	-6.24e-17
0	-0.0435	-0.0868	-0.13	-0.171	-0.212	-0.252	-0.29	-0.326	-0.36	-0.392	-0.422	-0.449	-0.473	-0.494	-0.513	-0.528	-0.539	-0.548	-0.553	-0.555	-0.553	-0.548	-0.539	-0.528	-0.513	-0.494	-0.473	-0.449	-0.422	-0.392	-0.36	-0.326	-0.29	-0.252	-0.212	-0.171	-0.13	-0.0868	-0.0435	-6.79e-17
0	-0.0468	-0.0933	-0.139	-0.184	-0.228	-0.271	-0.312	-0.351	-0.387	-0.422	-0.454	-0.483	-0.509	-0.532	-0.551	-0.567	-0.58	-0.589	-0.595	-0.597	-0.595	-0.589	-0.58	-0.567	-0.551	-0.532	-0.509	-0.483	-0.454	-0.422	-0.387	-0.351	-0.312	-0.271	-0.228	-0.184	-0.139	-0.0933	-0.0468	-7.31e-17
0	-0.0498	-0.0993	-0.148	-0.196	-0.243	-0.288	-0.332	-0.373	-0.412	-0.449	-0.483	-0.514	-0.541	-0.566	-0.586	-0.604	-0.617	-0.627	-0.633	-0.635	-0.633	-0.627	-0.617	-0.604	-0.586	-0.566	-0.541	-0.514	-0.483	-0.449	-0.412	-0.373	-0.332	-0.288	-0.243	-0.196	-0.148	-0.0993	-0.0498	-7.77e-17
0	-0.0525	-0.105	-0.156	-0.207	-0.256	-0.304	-0.35	-0.393	-0.434	-0.473	-0.509	-0.541	-0.57	-0.596	-0.618	-0.636	-0.65	-0.661	-0.667	-0.669	-0.667	-0.661	-0.65	-0.636	-0.618	-0.596	-0.57	-0.541	-0.509	-0.473	-0.434	-0.393	-0.35	-0.304	-0.256	-0.207	-0.156	-0.105	-0.0525	-8.19e-17
0	-0.0548	-0.109	-0.163	-0.216	-0.268	-0.317	-0.365	-0.411	-0.454	-0.494	-0.532	-0.566	-0.596	-0.623	-0.646	-0.665	-0.68	-0.69	-0.697	-0.699	-0.697	-0.69	-0.68	-0.665	-0.646	-0.623	-0.596	-0.566	-0.532	-0.494	-0.454	-0.411	-0.365	-0.317	-0.268	-0.216	-0.163	-0.109	-0.0548	-8.56e-17
0	-0.0569	-0.113	-0.169	-0.224	-0.277	-0.329	-0.379	-0.426	-0.471	-0.513	-0.551	-0.586	-0.618	-0.646	-0.67	-0.689	-0.705	-0.716	-0.723	-0.725	-0.723	-0.716	-0.705	-0.689	-0.67	-0.646	-0.618	-0.586	-0.551	-0.513	-0.471	-0.426	-0.379	-0.329	-0.277	-0.224	-0.169	-0.113	-0.0569	-8.88e-17
0	-0.0585	-0.117	-0.174	-0.231	-0.286	-0.339	-0.39	-0.439	-0.485	-0.528	-0.567	-0.604	-0.636	-0.665	-0.689	-0.71	-0.726	-0.737	-0.744	-0.746	-0.744	-0.737	-0.726	-0.71	-0.689	-0.665	-0.636	-0.604	-0.567	-0.528	-0.485	-0.439	-0.39	-0.339	-0.286	-0.231	-0.174	-0.117	-0.0585	-9.14e-17
0	-0.0599	-0.119	-0.178	-0.236	-0.292	-0.346	-0.399	-0.448	-0.495	-0.539	-0.58	-0.617	-0.65	-0.68	-0.705	-0.726	-0.742	-0.754	-0.761	-0.763	-0.761	-0.754	-0.742	-0.726	-0.705	-0.68	-0.65	-0.617	-0.58	-0.539	-0.495	-0.448	-0.399	-0.346	-0.292	-0.236	-0.178	-0.119	-0.0599	-9.34e-17
0	-0.0608	-0.121	-0.181	-0.239	-0.297	-0.352	-0.405	-0.455	-0.503	-0.548	-0.589	-0.627	-0.661	-0.69	-0.716	-0.737	-0.754	-0.765	-0.773	-0.775	-0.773	-0.765	-0.754	-0.737	-0.716	-0.69	-0.661	-0.627	-0.589	-0.548	-0.503	-0.455	-0.405	-0.352	-0.297	-0.239	-0.181	-0.121	-0.0608	-9.49e-17
0	-0.0614	-0.122	-0.183	-0.242	-0.299	-0.355	-0.409	-0.46	-0.508	-0.553	-0.595	-0.633	-0.667	-0.697	-0.723	-0.744	-0.761	-0.773	-0.78	-0.782	-0.78	-0.773	-0.761	-0.744	-0.723	-0.697	-0.667	-0.633	-0.595	-0.553	-0.508	-0.46	-0.409	-0.355	-0.299	-0.242	-0.183	-0.122	-0.0614	-9.58e-17
-0	-0.0616	-0.123	-0.183	-0.242	-0.3	-0.356	-0.41	-0.461	-0.51	-0.555	-0.597	-0.635	-0.669	-0.699	-0.725	-0.746	-0.763	-0.775	-0.782	-0.785	-0.782	-0.775	-0.763	-0.746	-0.725	-0.699	-0.669	-0.635	-0.597	-0.555	-0.51	-0.461	-0.41	-0.356	-0.3	-0.242	-0.183	-0.123	-0.0616	-9.61e-17
-0	-0.0614	-0.122	-0.183	-0.242	-0.299	-0.355	-0.409	-0.46	-0.508	-0.553	-0.595	-0.633	-0.667	-0.697	-0.723	-0.744	-0.761	-0.773	-0.78	-0.782	-0.78	-0.773	-0.761	-0.744	-0.723	-0.697	-0.667	-0.633	-0.595	-0.553	-0.508	-0.46	-0.409	-0.355	-0.299	-0.242	-0.183	-0.122	-0.0614	-9.58e-17
0	-0.0608	-0.121	-0.181	-0.239	-0.297	-0.352	-0.405	-0.455	-0.503	-0.548	-0.589	-0.627	-0.661	-0.69	-0.716	-0.737	-0.754	-0.765	-0.773	-0.775	-0.773	-0.765	-0.754	-0.737	-0.716	-0.69	-0.661	-0.627	-0.589	-0.548	-0.503	-0.455	-0.405	-0.352	-0.297	-0.239	-0.181	-0.121	-0.0608	-9.49e-17
0	-0.0599	-0.119	-0.178	-0.236	-0.292	-0.346	-0.399	-0.448	-0.495	-0.539	-0.58	-0.617	-0.65	-0.68	-0.705	-0.726	-0.742	-0.754	-0.761	-0.763	-0.761	-0.754	-0.742	-0.726	-0.705	-0.68	-0.65	-0.617	-0.58	-0.539	-0.495	-0.448	-0.399	-0.346	-0.292	-0.236	-0.178	-0.119	-0.0599	-9.34e-17
0	-0.0585	-0.117	-0.174	-0.231	-0.286	-0.339	-0.39	-0.439	-0.485	-0.528	-0.567	-0.604	-0.636	-0.665	-0.689	-0.71	-0.726	-0.737	-0.744	-0.746	-0.744	-0.737	-0.726	-0.71	-0.689	-0.665	-0.636	-0.604	-0.567	-0.528	-0.485	-0.439	-0.39	-0.339	-0.286	-0.231	-0.174	-0.117	-0.0585	-9.14e-17
0	-0.0569	-0.113	-0.169	-0.224	-0.277	-0.329	-0.379	-0.426	-0.471	-0.513	-0.551	-0.586	-0.618	-0.646	-0.67	-0.689	-0.705	-0.716	-0.723	-0.725	-0.723	-0.716	-0.705	-0.689	-0.67	-0.646	-0.618	-0.586	-0.551	-0.513	-0.471	-0.426	-0.379	-0.329	-0.277	-0.224	-0.169	-0.113	-0.0569	-8.88e-17
0	-0.0548	-0.109	-0.163	-0.216	-0.268	-0.317	-0.365	-0.411	-0.454	-0.494	-0.532	-0.566	-0.596	-0.623	-0.646	-0.665	-0.68	-0.69	-0.697	-0.699	-0.697	-0.69	-0.68	-0.665	-0.646	-0.623	-0.596	-0.566	-0.532	-0.494	-0.454	-0.411	-0.365	-0.317	-0.268	-0.216	-0.163	-0.109	-0.0548	-8.56e-17
0	-0.0525	-0.105	-0.156	-0.207	-0.256	-0.304	-0.35	-0.393	-0.434	-0.473	-0.509	-0.541	-0.57	-0.596	-0.618	-0.636	-0.65	-0.661	-0.667	-0.669	-0.667	-0.661	-0.65	-0.636	-0.618	-0.596	-0.57	-0.541	-0.509	-0.473	-0.434	-0.393	-0.35	-0.304	-0.256	-0.207	-0.156	-0.105	-0.0525	-8.19e-17
0	-0.0498	-0.0993	-0.148	-0.196	-0.243	-0.288	-0.332	-0.373	-0.412	-0.449	-0.483	-0.514	-0.541	-0.566	-0.586	-0.604	-0.617	-0.627	-0.633	-0.635	-0.633	-0.627	-0.617	-0.604	-0.586	-0.566	-0.541	-0.514	-0.483	-0.449	-0.412	-0.373	-0.332	-0.288	-0.243	-0.196	-0.148	-0.0993	-0.0498	-7.77e-17
0	-0.0468	-0.0933	-0.139	-0.184	-0.228	-0.271	-0.312	-0.351	-0.387	-0.422	-0.454	-0.483	-0.509	-0.532	-0.551	-0.567	-0.58	-0.589	-0.595	-0.597	-0.595	-0.589	-0.58	-0.567	-0.551	-0.532	-0.509	-0.483	-0.454	-0.422	-0.387	-0.351	-0.312	-0.271	-0.228	-0.184	-0.139	-0.0933	-0.0468	-7.31e-17
0	-0.0435	-0.0868	-0.13	-0.171	-0.212	-0.252	-0.29	-0.326	-0.36	-0.392	-0.422	-0.449	-0.473	-0.494	-0.513	-0.528	-0.539	-0.548	-0.553	-0.555	-0.553	-0.548	-0.539	-0.528	-0.513	-0.494	-0.473	-0.449	-0.422	-0.392	-0.36	-0.326	-0.29	-0.252	-0.212	-0.171	-0.13	-0.0868	-0.0435	-6.79e-17
0	-0.04	-0.0797	-0.119	-0.157	-0.195	-0.231	-0.266	-0.3	-0.331	-0.36	-0.387	-0.412	-0.434	-0.454	-0.471	-0.485	-0.495	-0.503	-0.508	-0.51	-0.508	-0.503	-0.495	-0.485	-0.471	-0.454	-0.434	-0.412	-0.387	-0.36	-0.331	-0.3	-0.266	-0.231	-0.195	-0.157	-0.119	-0.0797	-0.04	-6.24e-17
0	-0.0362	-0.0721	-0.108	-0.143	-0.176	-0.209	-0.241	-0.271	-0.3	-0.326	-0.351	-0.373	-0.393	-0.411	-0.426	-0.439	-0.448	-0.455	-0.46	-0.461	-0.46	-0.455	-0.448	-0.439	-0.426	-0.411	-0.393	-0.373	-0.351	-0.326	-0.3	-0.271	-0.241	-0.209	-0.176	-0.143	-0.108	-0.0721	-0.0362	-5.65e-17
0	-0.0322	-0.0641	-0.0957	-0.127	-0.157	-0.186	-0.214	-0.241	-0.266	-0.29	-0.312	-0.332	-0.35	-0.365	-0.379	-0.39	-0.399	-0.405	-0.409	-0.41	-0.409	-0.405	-0.399	-0.39	-0.379	-0.365	-0.35	-0.332	-0.312	-0.29	-0.266	-0.241	-0.214	-0.186	-0.157	-0.127	-0.0957	-0.0641	-0.0322	-5.02e-17
0	-0.0279	-0.0557	-0.0832	-0.11	-0.136	-0.162	-0.186	-0.209	-0.231	-0.252	-0.271	-0.288	-0.304	-0.317	-0.329	-0.339	-0.346	-0.352	-0.355	-0.356	-0.355	-0.352	-0.346	-0.339	-0.329	-0.317	-0.304	-0.288	-0.271	-0.252	-0.231	-0.209	-0.186	-0.162	-0.136	-0.11	-0.0832	-0.0557	-0.0279	-4.36e-17
0	-0.0236	-0.047	-0.0701	-0.0928	-0.115	-0.136	-0.157	-0.176	-0.195	-0.212	-0.228	-0.243	-0.256	-0.268	-0.277	-0.286	-0.292	-0.297	-0.299	-0.3	-0.299	-0.297	-0.292	-0.286	-0.277	-0.268	-0.256	-0.243	-0.228	-0.212	-0.195	-0.176	-0.157	-0.136	-0.115	-0.0928	-0.0701	-0.047	-0.0236	-3.68e-17
0	-0.019	-0.0379	-0.0566	-0.0749	-0.0928	-0.11	-0.127	-0.143	-0.157	-0.171	-0.184	-0.196	-0.207	-0.216	-0.224	-0.231	-0.236	-0.239	-0.242	-0.242	-0.242	-0.239	-0.236	-0.231	-0.224	-0.216	-0.207	-0.196	-0.184	-0.171	-0.157	-0.143	-0.127	-0.11	-0.0928	-0.0749	-0.0566	-0.0379	-0.019	-2.97e-17
0	-0.0144	-0.0287	-0.0428	-0.0566	-0.0701	-0.0832	-0.0957	-0.108	-0.119	-0.13	-0.139	-0.148	-0.156	-0.163	-0.169	-0.174	-0.178	-0.181	-0.183	-0.183	-0.183	-0.181	-0.178	-0.174	-0.169	-0.163	-0.156	-0.148	-0.139	-0.13	-0.119	-0.108	-0.0957	-0.0832	-0.0701	-0.0566	-0.0428	-0.0287	-0.0144	-2.24e-17
0	-0.00963	-0.0192	-0.0287	-0.0379	-0.047	-0.0557	-0.0641	-0.0721	-0.0797	-0.0868	-0.0933	-0.0993	-0.105	-0.109	-0.113	-0.117	-0.119	-0.121	-0.122	-0.123	-0.122	-0.121	-0.119	-0.117	-0.113	-0.109	-0.105	-0.0993	-0.0933	-0.0868	-0.0797	-0.0721	-0.0641	-0.0557	-0.047	-0.0379	-0.0287	-0.0192	-0.00963	-1.5e-17
0	-0.00483	-0.00963	-0.0144	-0.019	-0.0236	-0.0279	-0.0322	-0.0362	-0.04	-0.0435	-0.0468	-0.0498	-0.0525	-0.0548	-0.0569	-0.0585	-0.0599	-0.0608	-0.0614	-0.0616	-0.0614	-0.0608	-0.0599	-0.0585	-0.0569	-0.0548	-0.0525	-0.0498	-0.0468	-0.0435	-0.04	-0.0362	-0.0322	-0.0279	-0.0236	-0.019	-0.0144	-0.00963	-0.00483	-7.54e-18
0	0	-1.39e-16	-1.39e-16	0	-2.78e-16	-2.78e-16	0	-5.55e-16	-5.55e-16	-5.55e-16	-5.55e-16	-5.55e-16	-5.55e-16	0	-5.55e-16	-5.55e-16	-5.55e-16	-5.55e-16	-5.55e-16	-5.55e-16	-5.55e-16	-5.55e-16	-5.55e-16	-5.55e-16	-5.55e-16	-5.55e-16	-5.55e-16	-5.55e-16	-5.55e-16	-5.55e-16	-5.55e-16	-5.55e-16	0	-2.78e-16	-2.78e-16	0	-1.39e-16	-1.39e-16	0	0
0	0.00483	0.00963	0.0144	0.019	0.0236	0.0279	0.0322	0.0362	0.04	0.0435	0.0468	0.0498	0.0525	0.0548	0.0569	0.0585	0.0599	0.0608	0.0614	0.0616	0.0614	0.0608	0.0599	0.0585	0.0569	0.0548	0.0525	0.0498	0.0468	0.0435	0.04	0.0362	0.0322	0.0279	0.0236	0.019	0.0144	0.00963	0.00483	7.54e-18
0	0.00963	0.0192	0.0287	0.0379	0.047	0.0557	0.0641	0.0721	0.0797	0.0868	0.0933	0.0993	0.105	0.109	0.113	0.117	0.119	0.121	0.122	0.123	0.122	0.121	0.119	0.117	0.113	0.109	0.105	0.0993	0.0933	0.0868	0.0797	0.0721	0.0641	0.0557	0.047	0.0379	0.0287	0.0192	0.00963	1.5e-17
0	0.0144	0.0287	0.0428	0.0566	0.0701	0.0832	0.0957	0.108	0.119	0.13	0.139	0.148	0.156	0.163	0.169	0.174	0.178	0.181	0.183	0.183	0.183	0.181	0.178	0.174	0.169	0.163	0.156	0.148	0.139	0.13	0.119	0.108	0.0957	0.0832	0.0701	0.0566	0.0428	0.0287	0.0144	2.24e-17
0	0.019	0.0379	0.0566	0.0749	0.0928	0.11	0.127	0.143	0.157	0.171	0.184	0.196	0.207	0.216	0.224	0.231	0.236	0.239	0.242	0.242	0.242	0.239	0.236	0.231	0.224	0.216	0.207	0.196	0.184	0.171	0.157	0.143	0.127	0.11	0.0928	0.0749	0.0566	0.0379	0.019	2.97e-17
0	0.0236	0.047	0.0701	0.0928	0.115	0.136	0.157	0.176	0.195	0.212	0.228	0.243	0.256	0.268	0.277	0.286	0.292	0.297	0.299	0.3	0.299	0.297	0.292	0.286	0.277	0.268	0.256	0.243	0.228	0.212	0.195	0.176	0.157	0.136	0.115	0.0928	0.0701	0.047	0.0236	3.68e-17
0	0.0279	0.0557	0.0832	0.11	0.136	0.162	0.186	0.209	0.231	0.252	0.271	0.288	0.304	0.317	0.329	0.339	0.346	0.352	0.355	0.356	0.355	0.352	0.346	0.339	0.329	0.317	0.304	0.288	0.271	0.252	0.231	0.209	0.186	0.162	0.136	0.11	0.0832	0.0557	0.0279	4.36e-17
0	0.0322	0.0641	0.0957	0.127	0.157	0.186	0.214	0.241	0.266	0.29	0.312	0.332	0.35	0.365	0.379	0.39	0.399	0.405	0.409	0.41	0.409	0.405	0.399	0.39	0.379	0.365	0.35	0.332	0.312	0.29	0.266	0.241	0.214	0.186	0.157	0.127	0.0957	0.0641	0.0322	5.02e-17
0	0.0362	0.0721	0.108	0.143	0.176	0.209	0.241	0.271	0.3	0.326	0.351	0.373	0.393	0.411	0.426	0.439	0.448	0.455	0.46	0.461	0.46	0.455	0.448	0.439	0.426	0.411	0.393	0.373	0.351	0.326	0.3	0.271	0.241	0.209	0.176	0.143	0.108	0.0721	0.0362	5.65e-17
0	0.04	0.0797	0.119	0.157	0.195	0.231	0.266	0.3	0.331	0.36	0.387	0.412	0.434	0.454	0.471	0.485	0.495	0.503	0.508	0.51	0.508	0.503	0.495	0.485	0.471	0.454	0.434	0.412	0.387	0.36	0.331	0.3	0.266	0.231	0.195	0.157	0.119	0.0797	0.04	6.24e-17
0	0.0435	0.0868	0.13	0.171	0.212	0.252	0.29	0.326	0.36	0.392	0.422	0.449	0.473	0.494	0.513	0.528	0.539	0.548	0.553	0.555	0.553	0.548	0.539	0.528	0.513	0.494	0.473	0.449	0.422	0.392	0.36	0.326	0.29	0.252	0.212	0.171	0.13	0.0868	0.0435	6.79e-17
0	0.0468	0.0933	0.139	0.184	0.228	0.271	0.312	0.351	0.387	0.422	0.454	0.483	0.509	0.532	0.551	0.567	0.58	0.589	0.595	0.597	0.595	0.589	0.58	0.567	0.551	0.532	0.509	0.483	0.454	0.422	0.387	0.351	0.312	0.271	0.228	0.184	0.139	0.0933	0.0468	7.31e-17
0	0.0498	0.0993	0.148	0.196	0.243	0.288	0.332	0.373	0.412	0.449	0.483	0.514	0.541	0.566	0.586	0.604	0.617	0.627	0.633	0.635	0.633	0.627	0.617	0.604	0.586	0.566	0.541	0.514	0.483	0.449	0.412	0.373	0.332	0.288	0.243	0.196	0.148	0.0993	0.0498	7.77e-17
0	0.0525	0.105	0.156	0.207	0.256	0.304	0.35	0.393	0.434	0.473	0.509	0.541	0.57	0.596	0.618	0.636	0.65	0.661	0.667	0.669	0.667	0.661	0.65	0.636	0.618	0.596	0.57	0.541	0.509	0.473	0.434	0.393	0.35	0.304	0.256	0.207	0.156	0.105	0.0525	8.19e-17
0	0.0548	0.109	0.163	0.216	0.268	0.317	0.365	0.411	0.454	0.494	0.532	0.566	0.596	0.623	0.646	0.665	0.68	0.69	0.697	0.699	0.697	0.69	0.68	0.665	0.646	0.623	0.596	0.566	0.532	0.494	0.454	0.411	0.365	0.317	0.268	0.216	0.163	0.109	0.0548	8.56e-17
0	0.0569	0.113	0.169	0.224	0.277	0.329	0.379	0.426	0.471	0.513	0.551	0.586	0.618	0.646	0.67	0.689	0.705	0.716	0.723	0.725	0.723	0.716	0.705	0.689	0.67	0.646	0.618	0.586	0.551	0.513	0.471	0.426	0.379	0.329	0.277	0.224	0.169	0.113	0.0569	8.88e-17
0	0.0585	0.117	0.174	0.231	0.286	0.339	0.39	0.439	0.485	0.528	0.567	0.604	0.636	0.665	0.689	0.71	0.726	0.737	0.744	0.746	0.744	0.737	0.726	0.71	0.689	0.665	0.636	0.604	0.567	0.528	0.485	0.439	0.39	0.339	0.286	0.231	0.174	0.117	0.0585	9.14e-17
0	0.0599	0.119	0.178	0.236	0.292	0.346	0.399	0.448	0.495	0.539	0.58	0.617	0.65	0.68	0.705	0.726	0.742	0.754	0.761	0.763	0.761	0.754	0.742	0.726	0.705	0.68	0.65	0.617	0.58	0.539	0.495	0.448	0.399	0.346	0.292	0.236	0.178	0.119	0.0599	9.34e-17
0	0.0608	0.121	0.181	0.239	0.297	0.352	0.405	0.455	0.503	0.548	0.589	0.627	0.661	0.69	0.716	0.737	0.754	0.765	0.773	0.775	0.773	0.765	0.754	0.737	0.716	0.69	0.661	0.627	0.589	0.548	0.503	0.455	0.405	0.352	0.297	0.239	0.181	0.121	0.0608	9.49e-17
0	0.0614	0.122	0.183	0.242	0.299	0.355	0.409	0.46	0.508	0.553	0.595	0.633	0.667	0.697	0.723	0.744	0.761	0.773	0.78	0.782	0.78	0.773	0.761	0.744	0.723	0.697	0.667	0.633	0.595	0.553	0.508	0.46	0.409	0.355	0.299	0.242	0.183	0.122	0.0614	9.58e-17
0	0.0616	0.123	0.183	0.242	0.3	0.356	0.41	0.461	0.51	0.555	0.597	0.635	0.669	0.699	0.725	0.746	0.763	0.775	0.782	0.785	0.782	0.775	0.763	0.746	0.725	0.699	0.669	0.635	0.597	0.555	0.51	0.461	0.41	0.356	0.3	0.242	0.183	0.123	0.0616	9.61e-17
